version https://git-lfs.github.com/spec/v1
oid sha256:a891fd7f52621be380c1c8a70a1fd86c19d17d8f8e9c9b7547dae905090328de
size 50378
